                                  Mean       Std  Skewness    Kurtosis       Min       Max
Stock                                                                                     
ACS                           0.000675  0.019311  0.510153   17.655328 -0.188726  0.258463
Acciona                       0.000591  0.019306 -0.247687    5.261200 -0.174897  0.149003
ArcelorMittal                 0.000346  0.026397  0.096347    4.005324 -0.181838  0.182841
BBVA                          0.000661  0.021232 -0.008740    5.617571 -0.161793  0.166533
Banco Sabadell                0.000587  0.025327  0.357125    8.497563 -0.192924  0.245912
Banco Santander               0.000501  0.021080 -0.135754    7.010547 -0.198864  0.192221
Bankinter                     0.001088  0.024561  4.490479  116.169815 -0.319917  0.583983
Enagás                        0.000360  0.013362 -0.518964    6.420381 -0.148030  0.085938
Ferrovial                     0.000861  0.015135 -0.096593    6.291522 -0.124783  0.136181
Grifols                       0.000502  0.021927 -1.177947   28.161918 -0.349292  0.197000
Iberdrola                     0.000591  0.013885 -0.324097    7.067499 -0.140628  0.100826
Inditex                       0.000692  0.016103  0.374554    5.085795 -0.105308  0.140336
Indra Sistemas                0.000603  0.021031  0.450227    7.436855 -0.147581  0.191542
International Airlines Group  0.000637  0.026545 -0.382885   11.574978 -0.279017  0.260680
Mapfre                        0.000572  0.018104  0.726107    8.852078 -0.110343  0.199708
Naturgy                       0.000547  0.015329 -0.498183   12.122619 -0.166860  0.154827
Red Eléctrica de España       0.000491  0.013176 -0.334327    4.915464 -0.133752  0.071292
Repsol                        0.000426  0.019358  0.307588    7.984470 -0.151250  0.182259
Telefónica                    0.000020  0.015909 -0.054887   12.853286 -0.161206  0.178028